0,0.35,0.265,0.09,0.2255,0.0995,0.0485,0.07,1
1,0.53,0.42,0.135,0.677,0.2565,0.1415,0.21,1
0,0.44,0.365,0.125,0.516,0.2155,0.114,0.155,1
2,0.33,0.255,0.08,0.205,0.0895,0.0395,0.055,1
2,0.425,0.3,0.095,0.3515,0.141,0.0775,0.12,1
0,0.475,0.37,0.125,0.5095,0.2165,0.1125,0.165,1
0,0.43,0.35,0.11,0.406,0.1675,0.081,0.135,1
0,0.49,0.38,0.135,0.5415,0.2175,0.095,0.19,1
1,0.535,0.405,0.145,0.6845,0.2725,0.171,0.205,1
1,0.47,0.355,0.1,0.4755,0.1675,0.0805,0.185,1
2,0.355,0.28,0.085,0.2905,0.095,0.0395,0.115,1
1,0.44,0.34,0.1,0.451,0.188,0.087,0.13,1
0,0.365,0.295,0.08,0.2555,0.097,0.043,0.1,1
0,0.45,0.32,0.1,0.381,0.1705,0.075,0.115,1
0,0.355,0.28,0.095,0.2455,0.0955,0.062,0.075,1
2,0.38,0.275,0.1,0.2255,0.08,0.049,0.085,1
1,0.55,0.415,0.135,0.7635,0.318,0.21,0.2,1
1,0.615,0.48,0.165,1.1615,0.513,0.301,0.305,1
1,0.56,0.44,0.14,0.9285,0.3825,0.188,0.3,1
1,0.58,0.45,0.185,0.9955,0.3945,0.272,0.285,1
0,0.575,0.425,0.14,0.8635,0.393,0.227,0.2,1
0,0.58,0.47,0.165,0.9975,0.3935,0.242,0.33,1
0,0.465,0.355,0.105,0.4795,0.227,0.124,0.125,1
1,0.45,0.355,0.105,0.5225,0.237,0.1165,0.145,1
1,0.575,0.445,0.135,0.883,0.381,0.2035,0.26,1
0,0.355,0.29,0.09,0.3275,0.134,0.086,0.09,1
1,0.45,0.335,0.105,0.425,0.1865,0.091,0.115,1
2,0.24,0.175,0.045,0.07,0.0315,0.0235,0.02,1
2,0.205,0.15,0.055,0.042,0.0255,0.015,0.012,1
2,0.21,0.15,0.05,0.042,0.0175,0.0125,0.015,1
2,0.39,0.295,0.095,0.203,0.0875,0.045,0.075,1
0,0.47,0.37,0.12,0.5795,0.293,0.227,0.14,1
1,0.46,0.375,0.12,0.4605,0.1775,0.11,0.15,1
2,0.325,0.245,0.07,0.161,0.0755,0.0255,0.045,1
1,0.525,0.425,0.16,0.8355,0.3545,0.2135,0.245,1
2,0.52,0.41,0.12,0.595,0.2385,0.111,0.19,1
0,0.4,0.32,0.095,0.303,0.1335,0.06,0.1,1
0,0.485,0.36,0.13,0.5415,0.2595,0.096,0.16,1
1,0.47,0.36,0.12,0.4775,0.2105,0.1055,0.15,1
0,0.405,0.31,0.1,0.385,0.173,0.0915,0.11,1
1,0.5,0.4,0.14,0.6615,0.2565,0.1755,0.22,1
0,0.445,0.35,0.12,0.4425,0.192,0.0955,0.135,1
0,0.47,0.385,0.135,0.5895,0.2765,0.12,0.17,1
2,0.245,0.19,0.06,0.086,0.042,0.014,0.025,1
1,0.505,0.4,0.125,0.583,0.246,0.13,0.175,1
0,0.45,0.345,0.105,0.4115,0.18,0.1125,0.135,1
0,0.505,0.405,0.11,0.625,0.305,0.16,0.175,1
1,0.53,0.41,0.13,0.6965,0.302,0.1935,0.2,1
0,0.425,0.325,0.095,0.3785,0.1705,0.08,0.1,1
0,0.52,0.4,0.12,0.58,0.234,0.1315,0.185,1
0,0.475,0.355,0.12,0.48,0.234,0.1015,0.135,1
1,0.475,0.39,0.12,0.5305,0.2135,0.1155,0.17,1
2,0.31,0.235,0.07,0.151,0.063,0.0405,0.045,1
1,0.4,0.32,0.11,0.353,0.1405,0.0985,0.1,1
0,0.57,0.48,0.175,1.185,0.474,0.261,0.38,1
0,0.595,0.475,0.14,0.944,0.3625,0.189,0.315,1
1,0.6,0.47,0.15,0.922,0.363,0.194,0.305,1
1,0.555,0.425,0.14,0.788,0.282,0.1595,0.285,1
1,0.575,0.445,0.14,0.941,0.3845,0.252,0.285,1
0,0.56,0.44,0.16,0.8645,0.3305,0.2075,0.26,1
1,0.46,0.355,0.13,0.517,0.2205,0.114,0.165,1
1,0.625,0.495,0.165,1.262,0.507,0.318,0.39,1
0,0.535,0.435,0.15,0.725,0.269,0.1385,0.25,1
0,0.47,0.375,0.13,0.523,0.214,0.132,0.145,1
0,0.47,0.37,0.13,0.5225,0.201,0.133,0.165,1
1,0.475,0.375,0.125,0.5785,0.2775,0.085,0.155,1
2,0.36,0.265,0.095,0.2315,0.105,0.046,0.075,1
0,0.53,0.415,0.14,0.724,0.3105,0.1675,0.205,1
1,0.545,0.43,0.165,0.802,0.2935,0.183,0.28,1
1,0.5,0.4,0.125,0.6675,0.261,0.1315,0.22,1
1,0.51,0.39,0.135,0.6335,0.231,0.179,0.2,1
1,0.435,0.395,0.105,0.3635,0.136,0.098,0.13,1
0,0.495,0.395,0.125,0.5415,0.2375,0.1345,0.155,1
0,0.465,0.36,0.105,0.431,0.172,0.107,0.175,1
2,0.435,0.32,0.08,0.3325,0.1485,0.0635,0.105,1
0,0.425,0.35,0.105,0.393,0.13,0.063,0.165,1
1,0.545,0.41,0.125,0.6935,0.2975,0.146,0.21,1
1,0.53,0.415,0.115,0.5915,0.233,0.1585,0.18,1
1,0.49,0.375,0.135,0.6125,0.2555,0.102,0.22,1
0,0.44,0.34,0.105,0.402,0.1305,0.0955,0.165,1
1,0.56,0.43,0.15,0.8825,0.3465,0.172,0.31,1
0,0.405,0.305,0.085,0.2605,0.1145,0.0595,0.085,1
1,0.47,0.365,0.105,0.4205,0.163,0.1035,0.14,1
2,0.385,0.295,0.085,0.2535,0.103,0.0575,0.085,1
0,0.37,0.265,0.075,0.214,0.09,0.051,0.07,1
2,0.36,0.28,0.08,0.1755,0.081,0.0505,0.07,1
2,0.27,0.195,0.06,0.073,0.0285,0.0235,0.03,1
2,0.375,0.275,0.09,0.238,0.1075,0.0545,0.07,1
2,0.385,0.29,0.085,0.2505,0.112,0.061,0.08,1
1,0.44,0.35,0.125,0.4035,0.175,0.063,0.129,1
1,0.325,0.26,0.09,0.1915,0.085,0.036,0.062,1
2,0.35,0.26,0.095,0.211,0.086,0.056,0.068,1
2,0.265,0.2,0.065,0.0975,0.04,0.0205,0.028,1
1,0.425,0.33,0.115,0.406,0.1635,0.081,0.1355,1
1,0.305,0.23,0.08,0.156,0.0675,0.0345,0.048,1
0,0.345,0.255,0.09,0.2005,0.094,0.0295,0.063,1
1,0.405,0.325,0.11,0.3555,0.151,0.063,0.117,1
0,0.375,0.285,0.095,0.253,0.096,0.0575,0.0925,1
1,0.565,0.445,0.155,0.826,0.341,0.2055,0.2475,1
1,0.55,0.45,0.145,0.741,0.295,0.1435,0.2665,1
0,0.56,0.455,0.155,0.797,0.34,0.19,0.2425,1
